Case 1:
319572468
547968231
862431579
496287315
278315946
153649782
931824657
685793124
724156893
Case 2:
319572468
547968231
862431579
496287315
278315946
153649782
931824657
685793124
724156893
Case 3:
319572468
547968231
862431579
496287315
278315946
153649782
931824657
685793124
724156893
Case 4:
319572468
547968231
862431579
496287315
278315946
153649782
931824657
685793124
724156893
Case 5:
319572468
547968231
862431579
496287315
278315946
153649782
931824657
685793124
724156893
Case 6:
319572468
547968231
862431579
496287315
278315946
153649782
931824657
685793124
724156893
Case 7:
319572468
547968231
862431579
496287315
278315946
153649782
931824657
685793124
724156893
Case 8:
319572468
547968231
862431579
496287315
278315946
153649782
931824657
685793124
724156893
Case 9:
319572468
547968231
862431579
496287315
278315946
153649782
931824657
685793124
724156893
Case 10:
319572468
547968231
862431579
496287315
278315946
153649782
931824657
685793124
724156893
Case 11:
319572468
547968231
862431579
496287315
278315946
153649782
931824657
685793124
724156893
Case 12:
319572468
547968231
862431579
496287315
278315946
153649782
931824657
685793124
724156893
Case 13:
319572468
547968231
862431579
496287315
278315946
153649782
931824657
685793124
724156893
Case 14:
319572468
547968231
862431579
496287315
278315946
153649782
931824657
685793124
724156893
Case 15:
319572468
547968231
862431579
496287315
278315946
153649782
931824657
685793124
724156893
Case 16:
319572468
547968231
862431579
496287315
278315946
153649782
931824657
685793124
724156893
Case 17:
319572468
547968231
862431579
496287315
278315946
153649782
931824657
685793124
724156893
Case 18:
319572468
547968231
862431579
496287315
278315946
153649782
931824657
685793124
724156893
Case 19:
319572468
547968231
862431579
496287315
278315946
153649782
931824657
685793124
724156893
Case 20:
319572468
547968231
862431579
496287315
278315946
153649782
931824657
685793124
724156893
Case 21:
319572468
547968231
862431579
496287315
278315946
153649782
931824657
685793124
724156893
Case 22:
319572468
547968231
862431579
496287315
278315946
153649782
931824657
685793124
724156893
Case 23:
319572468
547968231
862431579
496287315
278315946
153649782
931824657
685793124
724156893
Case 24:
319572468
547968231
862431579
496287315
278315946
153649782
931824657
685793124
724156893
Case 25:
319572468
547968231
862431579
496287315
278315946
153649782
931824657
685793124
724156893
Case 26:
319572468
547968231
862431579
496287315
278315946
153649782
931824657
685793124
724156893
Case 27:
319572468
547968231
862431579
496287315
278315946
153649782
931824657
685793124
724156893
Case 28:
319572468
547968231
862431579
496287315
278315946
153649782
931824657
685793124
724156893
Case 29:
319572468
547968231
862431579
496287315
278315946
153649782
931824657
685793124
724156893
Case 30:
319572468
547968231
862431579
496287315
278315946
153649782
931824657
685793124
724156893
